G:/Image/img/TOPPN.bmp
0.000368486
15 57
430.086 430.549
7285.94 871.232 7716.03 871.426 8145.84 871.682 8575.96 871.725 9005.85 871.623 9435.82 871.703 9865.58 871.516 10295.5 871.485 10725.6 871.28 11155.5 871.354 11585.3 871.265 12015.3 871.178 12445.3 871.086 12875.1 870.929 13305.1 870.86 13735.1 870.635 14165.1 870.676 14594.7 870.492 15024.6 870.531 15454.2 870.304 15884.1 870.27 16313.9 870.139 16744 870.057 17173.7 869.954 17603.4 869.775 18033.6 869.644 18463.1 869.242 18893.1 869.031 19322.8 868.644 19753.1 868.531 20182.8 868.13 20612.8 867.964 21042.6 867.555 21472.6 867.251 21902.4 866.892 22332.3 866.511 22762.8 866.222 23192.4 865.779 23622.3 865.495 24051.8 864.989 24481.7 864.778 24911.4 864.369 25341.4 864.076 25771.5 863.746 26201.1 863.393 26630.9 863.058 27060.6 862.732 27490.6 862.539 27920.5 862.133 28350.5 861.86 28780.5 861.549 29210.7 861.406 29640.6 861.166 30070.5 860.984 30500.4 860.806 30930.3 860.644 31360.2 860.559 
7285.93 1301.78 7716.06 1301.99 8145.85 1302.29 8575.99 1302.33 9005.89 1302.22 9435.84 1302.31 9865.62 1302.12 10295.6 1302.09 10725.7 1301.89 11155.5 1301.95 11585.4 1301.86 12015.4 1301.79 12445.4 1301.68 12875.3 1301.55 13305.2 1301.51 13735.3 1301.25 14165.2 1301.31 14594.8 1301.1 15024.7 1301.16 15454.3 1300.94 15884.3 1300.91 16314 1300.8 16744.1 1300.74 17173.8 1300.62 17603.5 1300.46 18033.6 1300.29 18463.2 1299.9 18893.2 1299.73 19322.9 1299.31 19753.3 1299.16 20183 1298.76 20612.9 1298.59 21042.8 1298.14 21472.7 1297.82 21902.5 1297.49 22332.4 1297.07 22762.9 1296.78 23192.5 1296.32 23622.4 1296.01 24051.9 1295.5 24481.8 1295.25 24911.5 1294.81 25341.6 1294.52 25771.7 1294.16 26201.3 1293.8 26631.1 1293.46 27060.9 1293.1 27490.8 1292.87 27920.6 1292.41 28350.6 1292.17 28780.6 1291.88 29210.7 1291.73 29640.8 1291.47 30070.7 1291.27 30500.6 1291.07 30930.5 1290.85 31360.5 1290.76 
7285.98 1731.84 7716.08 1732.04 8145.88 1732.33 8576.01 1732.38 9005.9 1732.29 9435.85 1732.35 9865.63 1732.17 10295.6 1732.15 10725.7 1731.93 11155.6 1732.01 11585.4 1731.88 12015.5 1731.81 12445.4 1731.72 12875.3 1731.57 13305.2 1731.5 13735.3 1731.27 14165.2 1731.32 14594.8 1731.12 15024.7 1731.19 15454.3 1730.98 15884.2 1730.92 16314 1730.83 16744.1 1730.79 17173.8 1730.68 17603.5 1730.52 18033.7 1730.39 18463.2 1730 18893.2 1729.82 19322.9 1729.42 19753.2 1729.29 20183 1728.9 20613 1728.72 21042.9 1728.3 21472.9 1728 21902.7 1727.67 22332.6 1727.29 22763 1727.01 23192.6 1726.58 23622.5 1726.27 24052 1725.76 24481.9 1725.5 24911.6 1725.06 25341.6 1724.74 25771.8 1724.41 26201.5 1724.01 26631.3 1723.66 27061.1 1723.28 27491.1 1722.97 27920.9 1722.52 28350.8 1722.32 28780.8 1721.98 29210.9 1721.81 29640.9 1721.54 30070.8 1721.33 30500.7 1721.07 30930.6 1720.84 31360.6 1720.69 
7285.91 2161.49 7715.99 2161.68 8145.8 2161.95 8575.95 2161.98 9005.85 2161.88 9435.83 2161.94 9865.61 2161.75 10295.6 2161.74 10725.7 2161.52 11155.6 2161.57 11585.4 2161.42 12015.5 2161.36 12445.4 2161.28 12875.3 2161.13 13305.2 2161.06 13735.3 2160.81 14165.3 2160.87 14594.8 2160.69 15024.7 2160.74 15454.4 2160.54 15884.3 2160.52 16314.1 2160.41 16744.2 2160.39 17173.9 2160.29 17603.6 2160.13 18033.8 2159.98 18463.3 2159.62 18893.3 2159.46 19323 2159.08 19753.3 2158.96 20183 2158.59 20613 2158.44 21042.9 2158.03 21472.8 2157.77 21902.7 2157.45 22332.6 2157.12 22763.1 2156.87 23192.8 2156.48 23622.7 2156.17 24052.1 2155.67 24482 2155.4 24911.8 2154.97 25341.8 2154.67 25771.9 2154.35 26201.5 2153.92 26631.3 2153.56 27061.2 2153.15 27491.1 2152.83 27921 2152.42 28351 2152.2 28781 2151.88 29211.1 2151.69 29641.1 2151.4 30071 2151.18 30500.9 2150.91 30930.7 2150.65 31360.8 2150.5 
7285.92 2590.8 7716.02 2590.98 8145.85 2591.2 8576 2591.23 9005.91 2591.1 9435.88 2591.13 9865.65 2590.92 10295.6 2590.9 10725.7 2590.68 11155.6 2590.74 11585.5 2590.57 12015.5 2590.49 12445.5 2590.4 12875.4 2590.25 13305.3 2590.18 13735.4 2589.93 14165.3 2589.97 14594.9 2589.78 15024.8 2589.84 15454.4 2589.64 15884.4 2589.63 16314.1 2589.55 16744.2 2589.5 17173.9 2589.4 17603.7 2589.2 18033.8 2589.08 18463.4 2588.72 18893.4 2588.59 19323.1 2588.23 19753.4 2588.12 20183.2 2587.78 20613.2 2587.65 21043 2587.27 21473 2587.04 21902.8 2586.75 22332.7 2586.45 22763.1 2586.25 23192.7 2585.86 23622.7 2585.61 24052.2 2585.12 24482.2 2584.88 24911.9 2584.48 25342 2584.18 25772 2583.85 26201.7 2583.45 26631.5 2583.09 27061.3 2582.64 27491.2 2582.33 27921.1 2581.95 28351.1 2581.75 28781.1 2581.42 29211.2 2581.23 29641.2 2580.94 30071.2 2580.73 30501.1 2580.47 30930.9 2580.2 31360.9 2580.02 
7285.88 3019.98 7715.97 3020.11 8145.8 3020.29 8575.92 3020.26 9005.84 3020.11 9435.78 3020.11 9865.59 3019.89 10295.6 3019.86 10725.7 3019.64 11155.5 3019.69 11585.4 3019.52 12015.5 3019.4 12445.4 3019.31 12875.3 3019.16 13305.3 3019.06 13735.3 3018.82 14165.3 3018.84 14594.8 3018.66 15024.8 3018.69 15454.4 3018.51 15884.3 3018.48 16314.1 3018.38 16744.2 3018.34 17173.9 3018.22 17603.7 3018.06 18033.8 3017.94 18463.4 3017.55 18893.4 3017.43 19323.1 3017.1 19753.4 3017 20183.2 3016.66 20613.2 3016.53 21043.1 3016.2 21473 3015.99 21902.9 3015.74 22332.8 3015.46 22763.2 3015.31 23192.9 3014.98 23622.8 3014.73 24052.3 3014.29 24482.2 3014.07 24912 3013.7 25342 3013.41 25772.2 3013.1 26201.9 3012.74 26631.7 3012.36 27061.4 3011.92 27491.4 3011.68 27921.2 3011.31 28351.2 3011.09 28781.1 3010.8 29211.3 3010.63 29641.3 3010.37 30071.2 3010.13 30501.2 3009.89 30931.1 3009.64 31361.1 3009.47 
7285.96 3449.09 7716.05 3449.14 8145.86 3449.25 8575.99 3449.18 9005.9 3448.97 9435.84 3448.94 9865.64 3448.69 10295.6 3448.63 10725.7 3448.39 11155.7 3448.44 11585.6 3448.28 12015.5 3448.13 12445.5 3448.01 12875.4 3447.84 13305.3 3447.76 13735.4 3447.52 14165.4 3447.55 14594.9 3447.35 15024.9 3447.37 15454.5 3447.2 15884.5 3447.16 16314.2 3447.06 16744.3 3447.02 17174 3446.9 17603.8 3446.71 18033.9 3446.62 18463.5 3446.22 18893.4 3446.09 19323.2 3445.77 19753.5 3445.68 20183.2 3445.38 20613.2 3445.29 21043.1 3444.96 21473 3444.8 21902.9 3444.58 22332.9 3444.33 22763.3 3444.19 23193 3443.87 23622.9 3443.69 24052.4 3443.29 24482.3 3443.1 24912.1 3442.75 25342.1 3442.51 25772.2 3442.21 26201.9 3441.88 26631.7 3441.51 27061.6 3441.09 27491.6 3440.89 27921.4 3440.53 28351.4 3440.36 28781.3 3440.07 29211.5 3439.91 29641.5 3439.69 30071.4 3439.5 30501.3 3439.28 30931.1 3439.05 31361.2 3438.93 
7285.94 3878.08 7716.01 3878.03 8145.83 3878.06 8575.96 3877.93 9005.87 3877.68 9435.84 3877.61 9865.65 3877.33 10295.6 3877.23 10725.8 3876.96 11155.7 3876.97 11585.6 3876.78 12015.6 3876.64 12445.5 3876.5 12875.4 3876.33 13305.4 3876.23 13735.5 3876.01 14165.4 3876.04 14595 3875.85 15024.9 3875.85 15454.5 3875.71 15884.5 3875.64 16314.2 3875.56 16744.3 3875.48 17174 3875.4 17603.8 3875.16 18034 3875.06 18463.6 3874.66 18893.6 3874.55 19323.3 3874.23 19753.6 3874.15 20183.3 3873.86 20613.4 3873.78 21043.2 3873.5 21473.2 3873.32 21903 3873.15 22332.9 3872.93 22763.3 3872.82 23193 3872.53 23623 3872.38 24052.5 3872.02 24482.5 3871.91 24912.3 3871.6 25342.3 3871.38 25772.4 3871.08 26202.1 3870.78 26631.8 3870.43 27061.6 3870.11 27491.6 3869.93 27921.5 3869.58 28351.6 3869.43 28781.5 3869.16 29211.7 3869.03 29641.7 3868.85 30071.6 3868.69 30501.5 3868.51 30931.3 3868.32 31361.3 3868.23 
7285.96 4307.05 7716.04 4306.87 8145.87 4306.85 8575.99 4306.68 9005.91 4306.34 9435.88 4306.21 9865.68 4305.9 10295.7 4305.76 10725.8 4305.45 11155.7 4305.44 11585.6 4305.21 12015.6 4305.07 12445.5 4304.91 12875.4 4304.74 13305.4 4304.66 13735.5 4304.45 14165.4 4304.45 14595 4304.25 15024.9 4304.28 15454.5 4304.14 15884.5 4304.05 16314.2 4303.96 16744.3 4303.87 17174 4303.77 17603.8 4303.54 18033.9 4303.46 18463.5 4303.01 18893.5 4302.88 19323.2 4302.58 19753.6 4302.53 20183.3 4302.24 20613.4 4302.21 21043.3 4301.95 21473.2 4301.81 21903.1 4301.65 22333 4301.47 22763.4 4301.38 23193.1 4301.12 23623 4301.01 24052.5 4300.72 24482.5 4300.66 24912.3 4300.36 25342.4 4300.19 25772.5 4299.92 26202.2 4299.62 26632 4299.33 27061.8 4299.08 27491.7 4298.91 27921.6 4298.6 28351.6 4298.45 28781.6 4298.2 29211.8 4298.12 29641.7 4297.97 30071.7 4297.82 30501.6 4297.67 30931.5 4297.53 31361.5 4297.46 
7285.91 4735.86 7716.03 4735.63 8145.85 4735.51 8575.97 4735.27 9005.9 4734.89 9435.88 4734.72 9865.69 4734.36 10295.7 4734.17 10725.8 4733.82 11155.7 4733.81 11585.6 4733.56 12015.6 4733.42 12445.6 4733.26 12875.5 4733.06 13305.5 4732.97 13735.6 4732.77 14165.5 4732.8 14595.1 4732.61 15025 4732.63 15454.6 4732.49 15884.6 4732.44 16314.3 4732.34 16744.4 4732.24 17174.1 4732.14 17603.9 4731.88 18034 4731.78 18463.6 4731.37 18893.6 4731.24 19323.3 4730.95 19753.6 4730.89 20183.4 4730.6 20613.4 4730.58 21043.2 4730.39 21473.2 4730.28 21903.1 4730.17 22333.1 4729.98 22763.5 4729.93 23193.2 4729.68 23623.1 4729.61 24052.7 4729.4 24482.6 4729.37 24912.4 4729.13 25342.4 4728.99 25772.5 4728.71 26202.3 4728.41 26632.1 4728.19 27061.9 4727.98 27491.9 4727.84 27921.7 4727.55 28351.8 4727.43 28781.7 4727.2 29211.9 4727.15 29641.8 4727.03 30071.8 4726.88 30501.7 4726.77 30931.6 4726.63 31361.7 4726.58 
7285.94 5164.82 7716.04 5164.51 8145.85 5164.33 8575.97 5163.99 9005.9 5163.57 9435.89 5163.35 9865.71 5162.94 10295.7 5162.73 10725.8 5162.37 11155.7 5162.34 11585.6 5162.07 12015.6 5161.94 12445.6 5161.77 12875.5 5161.59 13305.4 5161.5 13735.5 5161.3 14165.4 5161.34 14595 5161.13 15025 5161.18 15454.6 5161.06 15884.5 5161.02 16314.3 5160.93 16744.4 5160.83 17174.1 5160.74 17603.9 5160.5 18034.1 5160.39 18463.6 5159.96 18893.6 5159.87 19323.4 5159.58 19753.7 5159.53 20183.5 5159.26 20613.5 5159.24 21043.4 5159.08 21473.3 5158.98 21903.1 5158.89 22333 5158.76 22763.5 5158.74 23193.2 5158.52 23623.2 5158.47 24052.8 5158.29 24482.7 5158.34 24912.5 5158.14 25342.5 5158 25772.6 5157.71 26202.3 5157.45 26632 5157.31 27061.9 5157.14 27491.9 5157 27921.8 5156.7 28351.9 5156.61 28781.8 5156.39 29212 5156.37 29642 5156.27 30071.9 5156.12 30501.8 5155.99 30931.6 5155.86 31361.7 5155.83 
7285.89 5594 7716 5593.63 8145.84 5593.37 8575.97 5592.99 9005.93 5592.51 9435.94 5592.29 9865.79 5591.86 10295.8 5591.63 10725.9 5591.28 11155.8 5591.24 11585.7 5590.97 12015.7 5590.83 12445.7 5590.65 12875.6 5590.48 13305.5 5590.35 13735.6 5590.18 14165.5 5590.21 14595.1 5590 15025 5590.08 15454.6 5589.95 15884.5 5589.83 16314.3 5589.76 16744.4 5589.63 17174.1 5589.56 17603.9 5589.31 18034 5589.26 18463.6 5588.84 18893.6 5588.73 19323.3 5588.47 19753.7 5588.41 20183.4 5588.2 20613.5 5588.19 21043.4 5588.04 21473.4 5587.96 21903.2 5587.91 22333.1 5587.82 22763.5 5587.79 23193.2 5587.6 23623.1 5587.61 24052.7 5587.48 24482.7 5587.54 24912.5 5587.34 25342.6 5587.29 25772.7 5586.93 26202.4 5586.74 26632.2 5586.62 27062 5586.45 27492 5586.36 27921.8 5586.06 28351.9 5585.94 28781.9 5585.72 29212.1 5585.7 29642.1 5585.59 30072.1 5585.44 30501.9 5585.33 30931.8 5585.19 31361.8 5585.12 
7285.92 6023.53 7716.03 6023.13 8145.88 6022.83 8576.01 6022.43 9005.96 6021.95 9435.96 6021.72 9865.79 6021.32 10295.8 6021.06 10725.9 6020.68 11155.8 6020.65 11585.7 6020.38 12015.7 6020.23 12445.7 6020.02 12875.6 6019.82 13305.5 6019.68 13735.6 6019.52 14165.5 6019.56 14595.1 6019.36 15025 6019.41 15454.7 6019.27 15884.6 6019.18 16314.4 6019.1 16744.5 6019 17174.2 6018.91 17604 6018.7 18034.1 6018.63 18463.7 6018.21 18893.7 6018.12 19323.3 6017.84 19753.7 6017.82 20183.4 6017.61 20613.4 6017.63 21043.3 6017.52 21473.3 6017.44 21903.2 6017.41 22333.2 6017.35 22763.7 6017.37 23193.3 6017.18 23623.2 6017.23 24052.8 6017.08 24482.8 6017.16 24912.5 6017 25342.6 6016.91 25772.7 6016.58 26202.5 6016.43 26632.3 6016.28 27062.1 6016.11 27492.1 6016 27921.9 6015.72 28351.9 6015.59 28782 6015.37 29212.2 6015.31 29642.2 6015.18 30072.2 6015.04 30502.1 6014.89 30932 6014.75 31362 6014.67 
7285.95 6453.34 7716.08 6452.92 8145.96 6452.61 8576.08 6452.2 9006.07 6451.7 9436.08 6451.47 9865.91 6451.04 10295.9 6450.78 10726 6450.4 11155.9 6450.38 11585.8 6450.08 12015.8 6449.94 12445.7 6449.71 12875.6 6449.51 13305.5 6449.38 13735.6 6449.2 14165.5 6449.25 14595.1 6449.06 15025 6449.09 15454.6 6448.95 15884.6 6448.83 16314.3 6448.75 16744.4 6448.68 17174.2 6448.6 17604 6448.38 18034.1 6448.34 18463.8 6447.89 18893.8 6447.81 19323.5 6447.59 19753.8 6447.56 20183.6 6447.36 20613.6 6447.4 21043.4 6447.27 21473.4 6447.23 21903.2 6447.19 22333.1 6447.13 22763.6 6447.15 23193.4 6446.98 23623.3 6447.03 24052.9 6446.9 24482.9 6447 24912.6 6446.85 25342.7 6446.7 25772.8 6446.4 26202.5 6446.26 26632.3 6446.1 27062.2 6445.9 27492.2 6445.77 27922.1 6445.47 28352.1 6445.35 28782.1 6445.11 29212.3 6445.03 29642.3 6444.86 30072.2 6444.7 30502.1 6444.54 30932.1 6444.36 31362.2 6444.27 
7285.94 6883.69 7716.06 6883.3 8145.94 6882.96 8576.06 6882.54 9006.03 6882.03 9436.05 6881.76 9865.87 6881.36 10295.9 6881.09 10726 6880.71 11155.9 6880.66 11585.8 6880.4 12015.8 6880.24 12445.8 6880.03 12875.7 6879.83 13305.6 6879.72 13735.7 6879.52 14165.7 6879.57 14595.2 6879.38 15025.1 6879.41 15454.7 6879.29 15884.6 6879.14 16314.4 6879.06 16744.5 6878.96 17174.2 6878.88 17604 6878.7 18034.1 6878.64 18463.7 6878.25 18893.7 6878.15 19323.4 6877.9 19753.8 6877.85 20183.6 6877.66 20613.6 6877.67 21043.5 6877.53 21473.4 6877.48 21903.3 6877.43 22333.2 6877.36 22763.6 6877.37 23193.3 6877.21 23623.3 6877.26 24052.9 6877.1 24482.9 6877.14 24912.8 6876.97 25342.8 6876.8 25772.9 6876.49 26202.6 6876.32 26632.4 6876.17 27062.2 6875.94 27492.2 6875.78 27922.2 6875.49 28352.2 6875.35 28782.3 6875.07 29212.4 6874.95 29642.4 6874.75 30072.4 6874.6 30502.3 6874.41 30932.1 6874.23 31362.2 6874.08 
