G:/Image/img/TempSetStripBuf.bmp
-0.000264353
32 9
631.505 629.526
1147.1 1065.58 1778.6 1065.53 2409.9 1065.47 3040.49 1065.41 3670.87 1065.3 4301.81 1065.27 4932.69 1065.21 5563.23 1065.14 6193.86 1065.06 
1147.09 1695.1 1778.63 1695.08 2409.95 1695.01 3040.51 1694.96 3670.85 1694.86 4301.76 1694.81 4932.61 1694.78 5563.15 1694.69 6193.82 1694.64 
1146.99 2324.91 1778.57 2324.89 2409.89 2324.82 3040.41 2324.77 3670.74 2324.69 4301.62 2324.65 4932.42 2324.6 5563 2324.53 6193.67 2324.45 
1147.01 2954.91 1778.59 2954.91 2409.87 2954.84 3040.4 2954.77 3670.72 2954.71 4301.59 2954.66 4932.41 2954.63 5562.97 2954.57 6193.64 2954.48 
1147.11 3584.71 1778.66 3584.71 2409.9 3584.65 3040.41 3584.57 3670.75 3584.54 4301.63 3584.52 4932.41 3584.49 5562.97 3584.48 6193.67 3584.38 
1147.19 4214.93 1778.73 4214.88 2409.97 4214.85 3040.48 4214.81 3670.81 4214.72 4301.69 4214.71 4932.47 4214.68 5563.04 4214.67 6193.71 4214.58 
1147.27 4844.71 1778.79 4844.68 2410.05 4844.67 3040.6 4844.67 3670.94 4844.56 4301.85 4844.53 4932.67 4844.51 5563.17 4844.46 6193.82 4844.42 
1147.32 5474.32 1778.79 5474.31 2410.04 5474.3 3040.64 5474.28 3671.03 5474.21 4301.96 5474.21 4932.8 5474.2 5563.3 5474.15 6193.92 5474.14 
1147.75 7313.62 1779.22 7313.65 2410.43 7313.65 3041.07 7313.65 3671.43 7313.65 4302.33 7313.66 4933.19 7313.69 5563.71 7313.7 6194.33 7313.65 
1147.87 7943.08 1779.36 7943.15 2410.58 7943.18 3041.17 7943.19 3671.52 7943.19 4302.43 7943.2 4933.26 7943.21 5563.79 7943.23 6194.39 7943.21 
1147.98 8572.51 1779.46 8572.58 2410.71 8572.64 3041.27 8572.65 3671.62 8572.65 4302.5 8572.69 4933.33 8572.7 5563.86 8572.74 6194.48 8572.76 
1148 9202.4 1779.49 9202.47 2410.75 9202.54 3041.31 9202.56 3671.63 9202.55 4302.51 9202.62 4933.33 9202.63 5563.86 9202.66 6194.5 9202.68 
1148.04 9832.36 1779.55 9832.41 2410.78 9832.49 3041.33 9832.54 3671.65 9832.54 4302.54 9832.62 4933.36 9832.69 5563.87 9832.76 6194.53 9832.74 
1148.21 10462.3 1779.68 10462.4 2410.91 10462.5 3041.44 10462.5 3671.76 10462.5 4302.65 10462.6 4933.44 10462.7 5563.97 10462.8 6194.6 10462.8 
1148.34 11092.1 1779.78 11092.2 2411.01 11092.3 3041.53 11092.4 3671.89 11092.4 4302.76 11092.4 4933.56 11092.5 5564.08 11092.6 6194.68 11092.6 
1148.47 11721.8 1779.9 11722 2411.11 11722 3041.66 11722.1 3672.04 11722.1 4302.95 11722.2 4933.76 11722.3 5564.25 11722.3 6194.83 11722.4 
1148.69 13562 1780.11 13562 2411.26 13562.1 3041.83 13562.2 3672.18 13562.2 4303.09 13562.4 4933.91 13562.5 5564.42 13562.5 6195 13562.6 
1148.67 14191.7 1780.13 14191.8 2411.26 14191.9 3041.81 14192 3672.14 14192.1 4303.02 14192.2 4933.81 14192.3 5564.33 14192.3 6194.93 14192.4 
1148.57 14821.6 1780.03 14821.7 2411.18 14821.8 3041.67 14821.9 3672.02 14821.9 4302.91 14822 4933.66 14822.2 5564.18 14822.2 6194.76 14822.3 
1148.39 15451.3 1779.85 15451.4 2411.02 15451.5 3041.54 15451.6 3671.88 15451.7 4302.72 15451.8 4933.45 15451.9 5563.95 15452 6194.53 15452 
1148.09 16081.3 1779.52 16081.4 2410.71 16081.5 3041.25 16081.6 3671.56 16081.7 4302.4 16081.8 4933.16 16081.9 5563.64 16082 6194.21 16082.1 
1147.73 16711.1 1779.19 16711.3 2410.39 16711.4 3040.96 16711.5 3671.26 16711.5 4302.12 16711.7 4932.87 16711.7 5563.36 16711.9 6193.92 16711.9 
1147.54 17341.1 1779.03 17341.2 2410.25 17341.3 3040.78 17341.4 3671.07 17341.5 4301.88 17341.6 4932.64 17341.7 5563.15 17341.8 6193.72 17341.8 
1147.46 17970.9 1778.94 17971 2410.16 17971.2 3040.64 17971.2 3670.93 17971.3 4301.75 17971.4 4932.51 17971.6 5563.01 17971.6 6193.54 17971.7 
1147.08 19810.9 1778.54 19811.1 2409.8 19811.2 3040.3 19811.3 3670.59 19811.3 4301.4 19811.5 4932.15 19811.6 5562.6 19811.7 6193.19 19811.8 
1146.94 20440.8 1778.44 20441 2409.7 20441.1 3040.21 20441.2 3670.47 20441.3 4301.28 20441.4 4932.04 20441.5 5562.49 20441.7 6193.11 20441.7 
1146.82 21070.9 1778.35 21071.1 2409.61 21071.2 3040.15 21071.3 3670.4 21071.4 4301.23 21071.6 4931.96 21071.7 5562.43 21071.8 6193.09 21071.9 
1146.79 21701.1 1778.36 21701.2 2409.62 21701.4 3040.16 21701.5 3670.4 21701.6 4301.22 21701.8 4931.94 21701.9 5562.4 21702 6193.04 21702.2 
1146.82 22331.2 1778.36 22331.3 2409.58 22331.5 3040.13 22331.6 3670.35 22331.7 4301.16 22331.9 4931.87 22332 5562.34 22332.2 6192.99 22332.3 
1146.84 22961 1778.36 22961.2 2409.57 22961.3 3040.12 22961.4 3670.38 22961.5 4301.17 22961.7 4931.91 22961.9 5562.38 22962 6193.02 22962.1 
1146.85 23591 1778.35 23591.1 2409.56 23591.2 3040.12 23591.4 3670.36 23591.5 4301.17 23591.7 4931.93 23591.8 5562.41 23592 6193.04 23592.1 
1146.78 24221.1 1778.25 24221.3 2409.43 24221.4 3039.98 24221.5 3670.23 24221.6 4301.08 24221.8 4931.85 24221.9 5562.38 24222.1 6192.98 24222.2
85 100