G:/Image/img/TOPRF.bmp
-0.000194775
15 57
430.119 429.591
7244.44 886.67 7674.56 886.768 8104.12 886.947 8534.26 887.077 8963.98 887.108 9394.06 887.02 9823.97 887.077 10254.1 887.128 10683.8 887.256 11113.6 887.283 11544.1 887.156 11973.7 887.263 12403.9 887.209 12833.6 887.151 13264.1 887.089 13693.8 887.045 14123.9 886.853 14554 886.783 14983.8 886.679 15414.2 886.544 15843.8 886.415 16274.2 886.266 16704 886.108 17134.6 886.11 17564.6 886.245 17994.7 886.265 18424.8 886.331 18855.1 886.14 19285.2 886.103 19715.4 886.066 20145.6 886.153 20576 886.225 21006 886.301 21436.2 886.356 21866.4 886.347 22296.7 886.391 22726.9 886.382 23156.9 886.41 23587.3 886.343 24017 886.333 24447.3 886.253 24877 886.196 25307 886.126 25736.8 886.036 26166.8 885.891 26596.9 885.786 27026.5 885.626 27456.8 885.475 27886.3 885.272 28316.6 885.061 28746 884.752 29176.2 884.622 29606.2 884.6 30036.1 884.518 30466.1 884.56 30895.9 884.508 31326 884.518 
7244.6 1316.26 7674.69 1316.4 8104.18 1316.61 8534.28 1316.74 8963.97 1316.76 9393.97 1316.75 9823.86 1316.82 10253.9 1316.85 10683.6 1316.99 11113.5 1317.04 11544.1 1316.93 11973.6 1317.02 12403.9 1316.96 12833.7 1316.89 13264.1 1316.88 13693.8 1316.83 14123.9 1316.58 14554 1316.51 14983.9 1316.44 15414.2 1316.36 15843.8 1316.22 16274.2 1316.06 16704 1315.97 17134.5 1315.94 17564.6 1316.05 17994.7 1316.04 18424.8 1316.1 18855.1 1315.91 19285.2 1315.92 19715.4 1315.87 20145.6 1315.94 20575.9 1316.04 21006 1316.12 21436.1 1316.17 21866.4 1316.16 22296.6 1316.21 22726.8 1316.24 23156.8 1316.3 23587.2 1316.23 24016.9 1316.18 24447.2 1316.11 24876.9 1316.08 25306.9 1316.02 25736.7 1315.89 26166.7 1315.76 26596.8 1315.68 27026.4 1315.52 27456.7 1315.35 27886.3 1315.12 28316.5 1314.89 28746 1314.57 29176.2 1314.39 29606.2 1314.3 30036.1 1314.17 30466.2 1314.18 30895.9 1314.11 31326.1 1314.07 
7244.63 1745.58 7674.65 1745.75 8104.14 1745.94 8534.21 1746.12 8963.91 1746.13 9393.92 1746.17 9823.85 1746.26 10253.9 1746.33 10683.7 1746.44 11113.5 1746.5 11544.1 1746.36 11973.6 1746.48 12403.9 1746.44 12833.6 1746.38 13264 1746.36 13693.8 1746.31 14123.9 1746.11 14554 1746.07 14983.8 1745.99 15414.1 1745.92 15843.7 1745.8 16274.2 1745.64 16703.9 1745.57 17134.4 1745.54 17564.5 1745.62 17994.6 1745.61 18424.6 1745.68 18855 1745.47 19285 1745.5 19715.2 1745.46 20145.4 1745.54 20575.8 1745.62 21005.9 1745.7 21436 1745.77 21866.2 1745.76 22296.4 1745.81 22726.7 1745.85 23156.6 1745.95 23587 1745.9 24016.7 1745.83 24447 1745.77 24876.7 1745.7 25306.7 1745.66 25736.5 1745.55 26166.5 1745.4 26596.6 1745.31 27026.2 1745.16 27456.5 1745.01 27886.1 1744.75 28316.4 1744.5 28746 1744.21 29176.2 1743.91 29606.2 1743.78 30036.2 1743.6 30466.3 1743.54 30896.1 1743.44 31326.3 1743.39 
7244.67 2174.69 7674.69 2174.9 8104.2 2175.11 8534.28 2175.24 8963.95 2175.26 9393.92 2175.33 9823.82 2175.45 10253.9 2175.54 10683.6 2175.64 11113.5 2175.68 11544 2175.57 11973.6 2175.71 12403.8 2175.65 12833.6 2175.56 13264 2175.55 13693.8 2175.54 14123.8 2175.34 14553.9 2175.3 14983.7 2175.22 15414 2175.17 15843.5 2175.12 16273.9 2174.96 16703.6 2174.88 17134.1 2174.85 17564.2 2174.95 17994.2 2174.91 18424.3 2174.94 18854.7 2174.75 19284.7 2174.8 19714.9 2174.78 20145 2174.83 20575.4 2174.89 21005.5 2174.96 21435.6 2175.05 21865.8 2175.06 22296 2175.09 22726.2 2175.13 23156.2 2175.25 23586.6 2175.22 24016.3 2175.13 24446.7 2175.04 24876.4 2175 25306.4 2174.98 25736.2 2174.88 26166.2 2174.71 26596.3 2174.6 27026 2174.46 27456.3 2174.3 27885.9 2174.04 28316.2 2173.75 28745.8 2173.43 29176.1 2173.16 29606.2 2172.98 30036.2 2172.76 30466.4 2172.72 30896.3 2172.6 31326.5 2172.54 
7244.73 2603.71 7674.73 2603.89 8104.24 2604.12 8534.29 2604.25 8963.92 2604.26 9393.9 2604.32 9823.78 2604.47 10253.8 2604.57 10683.6 2604.7 11113.4 2604.72 11543.9 2604.6 11973.5 2604.75 12403.8 2604.7 12833.5 2604.63 13263.9 2604.59 13693.6 2604.58 14123.6 2604.4 14553.6 2604.36 14983.3 2604.28 15413.6 2604.21 15843.2 2604.17 16273.6 2604.04 16703.3 2603.95 17133.8 2603.88 17563.9 2603.98 17994 2603.97 18424.1 2603.97 18854.5 2603.79 19284.5 2603.81 19714.7 2603.82 20144.8 2603.88 20575.2 2603.93 21005.3 2603.99 21435.3 2604.06 21865.5 2604.09 22295.7 2604.13 22725.9 2604.14 23155.7 2604.24 23586.1 2604.22 24015.8 2604.17 24446.2 2604.05 24875.9 2603.99 25305.9 2603.96 25735.8 2603.87 26165.8 2603.71 26596 2603.58 27025.6 2603.44 27456 2603.29 27885.6 2603.05 28316 2602.78 28745.7 2602.47 29176 2602.19 29606.2 2602.03 30036.2 2601.81 30466.5 2601.73 30896.4 2601.61 31326.6 2601.57 
7244.76 3032.71 7674.75 3032.87 8104.23 3033.08 8534.26 3033.14 8963.87 3033.18 9393.84 3033.25 9823.68 3033.39 10253.7 3033.47 10683.4 3033.6 11113.3 3033.64 11543.8 3033.52 11973.3 3033.67 12403.5 3033.6 12833.2 3033.54 13263.6 3033.5 13693.3 3033.5 14123.3 3033.31 14553.3 3033.27 14983.1 3033.21 15413.4 3033.14 15843 3033.07 16273.4 3032.95 16703.1 3032.84 17133.6 3032.8 17563.7 3032.9 17993.8 3032.88 18423.9 3032.88 18854.2 3032.69 19284.3 3032.71 19714.5 3032.7 20144.6 3032.76 20575 3032.81 21005 3032.88 21435 3032.92 21865.2 3032.92 22295.4 3032.96 22725.6 3032.97 23155.4 3033.06 23585.8 3033.02 24015.5 3032.97 24445.9 3032.86 24875.5 3032.8 25305.5 3032.73 25735.4 3032.64 26165.4 3032.48 26595.6 3032.36 27025.2 3032.22 27455.5 3032.1 27885.2 3031.85 28315.7 3031.61 28745.4 3031.38 29175.8 3031.11 29606 3030.96 30036.2 3030.77 30466.5 3030.73 30896.4 3030.64 31326.7 3030.62 
7244.85 3461.77 7674.82 3461.9 8104.3 3462.05 8534.31 3462.06 8963.9 3462.13 9393.86 3462.22 9823.61 3462.35 10253.6 3462.39 10683.3 3462.48 11113.1 3462.52 11543.7 3462.44 11973.1 3462.55 12403.4 3462.48 12833.1 3462.43 13263.5 3462.42 13693.3 3462.41 14123.2 3462.19 14553.3 3462.13 14983 3462.09 15413.3 3462 15842.9 3461.93 16273.3 3461.82 16703 3461.7 17133.5 3461.68 17563.6 3461.77 17993.7 3461.73 18423.8 3461.71 18854.1 3461.57 19284.2 3461.56 19714.4 3461.52 20144.5 3461.57 20574.9 3461.61 21004.9 3461.68 21434.9 3461.72 21865.1 3461.67 22295.3 3461.7 22725.4 3461.71 23155.3 3461.79 23585.6 3461.71 24015.3 3461.63 24445.7 3461.53 24875.4 3461.51 25305.4 3461.43 25735.2 3461.31 26165.3 3461.18 26595.5 3461.1 27025.1 3460.96 27455.4 3460.79 27885.1 3460.57 28315.5 3460.4 28745.3 3460.26 29175.6 3460.05 29605.9 3459.88 30036.1 3459.76 30466.3 3459.8 30896.3 3459.74 31326.6 3459.72 
7244.96 3890.6 7674.92 3890.71 8104.33 3890.8 8534.3 3890.8 8963.84 3890.87 9393.78 3890.91 9823.52 3891.05 10253.6 3891.1 10683.3 3891.2 11113.2 3891.21 11543.7 3891.12 11973.2 3891.21 12403.5 3891.15 12833.2 3891.14 13263.6 3891.1 13693.3 3891.11 14123.3 3890.89 14553.3 3890.78 14983.1 3890.71 15413.4 3890.65 15843 3890.59 16273.4 3890.49 16703.1 3890.34 17133.5 3890.32 17563.6 3890.4 17993.7 3890.36 18423.8 3890.36 18854 3890.19 19284.1 3890.19 19714.3 3890.16 20144.4 3890.21 20574.8 3890.24 21004.8 3890.28 21434.9 3890.3 21865 3890.23 22295.3 3890.25 22725.5 3890.24 23155.3 3890.26 23585.7 3890.17 24015.3 3890.13 24445.8 3890.02 24875.4 3889.98 25305.4 3889.89 25735.3 3889.8 26165.3 3889.67 26595.5 3889.58 27025.1 3889.41 27455.5 3889.28 27885.2 3889.11 28315.6 3888.97 28745.3 3888.86 29175.7 3888.73 29606 3888.65 30036.2 3888.59 30466.4 3888.64 30896.4 3888.64 31326.7 3888.7 
7244.85 4319.55 7674.8 4319.59 8104.24 4319.64 8534.27 4319.61 8963.84 4319.7 9393.82 4319.73 9823.58 4319.82 10253.6 4319.86 10683.4 4319.96 11113.2 4319.97 11543.7 4319.88 11973.2 4319.95 12403.5 4319.89 12833.2 4319.88 13263.7 4319.85 13693.4 4319.83 14123.4 4319.58 14553.4 4319.47 14983.2 4319.4 15413.4 4319.36 15843 4319.26 16273.3 4319.17 16703 4319.02 17133.4 4318.99 17563.5 4319.08 17993.6 4319.05 18423.7 4319.06 18854 4318.91 19284.1 4318.87 19714.2 4318.82 20144.3 4318.86 20574.7 4318.88 21004.7 4318.91 21434.8 4318.91 21864.9 4318.81 22295.1 4318.79 22725.3 4318.78 23155.2 4318.77 23585.6 4318.63 24015.4 4318.6 24445.8 4318.52 24875.5 4318.47 25305.5 4318.35 25735.4 4318.27 26165.4 4318.16 26595.6 4318.1 27025.2 4317.94 27455.6 4317.81 27885.3 4317.65 28315.7 4317.56 28745.5 4317.54 29175.8 4317.48 29606 4317.46 30036.2 4317.45 30466.5 4317.55 30896.5 4317.6 31326.8 4317.71 
7244.76 4748.35 7674.79 4748.34 8104.18 4748.28 8534.25 4748.31 8963.85 4748.38 9393.82 4748.39 9823.59 4748.46 10253.7 4748.47 10683.4 4748.59 11113.2 4748.59 11543.8 4748.49 11973.3 4748.56 12403.5 4748.48 12833.3 4748.51 13263.7 4748.47 13693.4 4748.46 14123.3 4748.18 14553.3 4748.07 14983.1 4748 15413.3 4747.93 15842.9 4747.82 16273.3 4747.75 16703 4747.59 17133.5 4747.56 17563.6 4747.66 17993.7 4747.61 18423.8 4747.64 18854.1 4747.48 19284.1 4747.44 19714.3 4747.38 20144.4 4747.42 20574.7 4747.44 21004.8 4747.45 21434.9 4747.41 21865 4747.28 22295.2 4747.27 22725.4 4747.24 23155.3 4747.2 23585.7 4747.05 24015.4 4747.02 24445.8 4746.94 24875.5 4746.88 25305.6 4746.76 25735.4 4746.69 26165.5 4746.59 26595.7 4746.53 27025.4 4746.36 27455.7 4746.21 27885.4 4746.09 28315.8 4746.06 28745.6 4746.08 29175.9 4746.08 29606.1 4746.14 30036.3 4746.18 30466.5 4746.35 30896.4 4746.42 31326.7 4746.53 
7244.79 5177.22 7674.83 5177.17 8104.22 5177.09 8534.3 5177.14 8963.9 5177.21 9393.89 5177.17 9823.68 5177.23 10253.8 5177.27 10683.5 5177.36 11113.4 5177.36 11543.9 5177.27 11973.4 5177.35 12403.6 5177.27 12833.3 5177.29 13263.6 5177.26 13693.4 5177.23 14123.4 5176.98 14553.4 5176.84 14983.2 5176.79 15413.5 5176.71 15843.1 5176.59 16273.5 5176.56 16703.2 5176.37 17133.7 5176.34 17563.8 5176.42 17993.9 5176.39 18423.9 5176.4 18854.2 5176.25 19284.3 5176.19 19714.4 5176.12 20144.6 5176.18 20574.9 5176.2 21005 5176.19 21435.1 5176.13 21865.3 5175.99 22295.5 5175.98 22725.7 5175.93 23155.6 5175.86 23586 5175.7 24015.7 5175.71 24446 5175.62 24875.8 5175.58 25305.8 5175.43 25735.6 5175.35 26165.7 5175.27 26595.9 5175.21 27025.5 5175.02 27455.9 5174.89 27885.6 5174.82 28315.9 5174.8 28745.7 5174.83 29176.1 5174.88 29606.2 5175.01 30036.4 5175.06 30466.5 5175.19 30896.4 5175.3 31326.7 5175.44 
7244.88 5606.25 7674.92 5606.15 8104.35 5606.09 8534.45 5606.18 8964.07 5606.23 9394.06 5606.17 9823.89 5606.25 10253.9 5606.3 10683.6 5606.35 11113.5 5606.3 11543.9 5606.23 11973.5 5606.35 12403.7 5606.28 12833.4 5606.31 13263.8 5606.26 13693.6 5606.26 14123.6 5606.02 14553.7 5605.85 14983.5 5605.81 15413.8 5605.72 15843.4 5605.65 16273.8 5605.61 16703.5 5605.4 17134 5605.38 17564.1 5605.49 17994.2 5605.46 18424.2 5605.44 18854.6 5605.28 19284.6 5605.23 19714.8 5605.2 20144.9 5605.25 20575.2 5605.21 21005.3 5605.23 21435.4 5605.19 21865.6 5605.05 22295.9 5605.02 22726 5604.95 23156 5604.9 23586.4 5604.78 24016.1 5604.74 24446.5 5604.63 24876.2 5604.6 25306.2 5604.45 25736.1 5604.38 26166.1 5604.28 26596.3 5604.21 27025.9 5604.03 27456.3 5603.96 27885.9 5603.87 28316.2 5603.83 28745.9 5603.89 29176.2 5603.95 29606.3 5604.11 30036.4 5604.14 30466.6 5604.24 30896.5 5604.36 31326.7 5604.55 
7244.89 6035.86 7674.95 6035.74 8104.44 6035.69 8534.54 6035.75 8964.14 6035.84 9394.1 6035.8 9823.92 6035.85 10253.9 6035.85 10683.7 6035.94 11113.6 6035.97 11544 6035.9 11973.7 6035.97 12403.9 6035.9 12833.6 6035.98 13264 6035.97 13693.8 6035.94 14123.9 6035.65 14553.9 6035.52 14983.8 6035.53 15414 6035.42 15843.6 6035.33 16274 6035.3 16703.8 6035.13 17134.2 6035.15 17564.3 6035.22 17994.3 6035.17 18424.3 6035.16 18854.7 6035.04 19284.7 6034.98 19714.8 6034.88 20145 6034.93 20575.3 6034.93 21005.5 6034.98 21435.6 6034.91 21865.9 6034.75 22296.1 6034.77 22726.4 6034.76 23156.3 6034.7 23586.8 6034.49 24016.5 6034.47 24446.8 6034.42 24876.6 6034.39 25306.7 6034.23 25736.5 6034.11 26166.5 6034.05 26596.7 6034.02 27026.3 6033.82 27456.7 6033.69 27886.3 6033.59 28316.6 6033.6 28746.2 6033.64 29176.5 6033.65 29606.5 6033.78 30036.5 6033.82 30466.5 6033.93 30896.4 6034.01 31326.5 6034.14 
7244.8 6465.33 7674.83 6465.28 8104.3 6465.3 8534.36 6465.36 8964.03 6465.43 9394.03 6465.38 9823.9 6465.48 10254 6465.51 10683.8 6465.55 11113.7 6465.59 11544.1 6465.53 11973.8 6465.65 12403.9 6465.56 12833.7 6465.6 13264.1 6465.6 13693.9 6465.61 14123.9 6465.36 14554 6465.21 14983.9 6465.2 15414 6465.16 15843.7 6465.09 16274 6465.04 16703.7 6464.87 17134.2 6464.9 17564.2 6465.02 17994.4 6464.97 18424.4 6464.92 18854.7 6464.76 19284.8 6464.74 19714.9 6464.67 20145 6464.68 20575.4 6464.66 21005.5 6464.72 21435.7 6464.71 21865.9 6464.57 22296.2 6464.54 22726.4 6464.52 23156.4 6464.51 23586.9 6464.36 24016.6 6464.32 24447 6464.22 24876.8 6464.2 25306.9 6464.08 25736.8 6463.98 26166.8 6463.88 26596.9 6463.84 27026.6 6463.66 27456.9 6463.54 27886.5 6463.41 28316.8 6463.35 28746.4 6463.37 29176.6 6463.39 29606.5 6463.52 30036.5 6463.49 30466.5 6463.47 30896.3 6463.55 31326.4 6463.71 
7244.49 6895.09 7674.61 6895.08 8104.13 6895.17 8534.25 6895.27 8963.96 6895.34 9394.02 6895.32 9823.9 6895.42 10254 6895.45 10683.8 6895.55 11113.7 6895.57 11544.1 6895.5 11973.8 6895.63 12404 6895.55 12833.7 6895.57 13264.1 6895.55 13693.9 6895.55 14123.9 6895.32 14553.9 6895.22 14983.7 6895.17 15413.9 6895.14 15843.5 6895.05 16273.8 6894.99 16703.7 6894.85 17134.1 6894.88 17564.2 6894.98 17994.3 6894.95 18424.3 6894.91 18854.7 6894.72 19284.7 6894.69 19714.9 6894.62 20145 6894.66 20575.4 6894.67 21005.5 6894.7 21435.6 6894.69 21865.9 6894.57 22296.1 6894.57 22726.4 6894.57 23156.4 6894.55 23586.8 6894.42 24016.5 6894.37 24446.9 6894.28 24876.7 6894.23 25306.8 6894.13 25736.7 6894.05 26166.8 6893.96 26596.9 6893.91 27026.6 6893.73 27456.9 6893.6 27886.6 6893.48 28316.8 6893.39 28746.4 6893.37 29176.6 6893.34 29606.5 6893.41 30036.4 6893.36 30466.4 6893.3 30896.2 6893.3 31326.3 6893.41
